
TIME    TEMP   VCCINT   VCCBRAM   VCCAUX   VP     VN    VAUXP[0]   VAUXN[0]   VAUXP[1]   VAUXN[1]   VAUXP[2]   VAUXN[2]   VAUXP[3]   VAUXN[3]   VAUXP[4]   VAUXN[4]   VAUXP[5]   VAUXN[5]   VAUXP[6]   VAUXN[6]   VAUXP[7]   VAUXN[7]   VAUXP[8]   VAUXN[8]   VAUXP[9]   VAUXN[9]   VAUXP[10]   VAUXN[10]   VAUXP[11]   VAUXN[11]   VAUXP[12]   VAUXN[12]   VAUXP[13]   VAUXN[13]   VAUXP[14]   VAUXN[14]   VAUXP[15]   VAUXN[15]
0 63.0  1.02  1.02  1.8  0.50  0.0  0.50  0  0.50  0  0.50  0  0.50  0  0.50  0  0.50  0  0.50  0  0.50  0  0.50  0  0.50  0  0.50  0  0.50  0  0.50  0  0.50  0  0.50  0  0.50  0 //
1040 63.0  1.02  1.02  1.8  0.80  0.0  0.80  0  0.80  0  0.80  0  0.80  0  0.80  0  0.80  0  0.80  0  0.80  0  0.80  0  0.80  0  0.80  0  0.80  0  0.80  0  0.80  0  0.80  0  0.80  0 //
2080 63.0  1.02  1.02  1.8  0.98  0.0  0.98  0  0.98  0  0.98  0  0.98  0  0.98  0  0.98  0  0.98  0  0.98  0  0.98  0  0.98  0  0.98  0  0.98  0  0.98  0  0.98  0  0.98  0  0.98  0 //
3120 63.0  1.02  1.02  1.8  0.96  0.0  0.96  0  0.96  0  0.96  0  0.96  0  0.96  0  0.96  0  0.96  0  0.96  0  0.96  0  0.96  0  0.96  0  0.96  0  0.96  0  0.96  0  0.96  0  0.96  0 //
4160 63.0  1.02  1.02  1.8  0.75  0.0  0.75  0  0.75  0  0.75  0  0.75  0  0.75  0  0.75  0  0.75  0  0.75  0  0.75  0  0.75  0  0.75  0  0.75  0  0.75  0  0.75  0  0.75  0  0.75  0 //
5200 63.0  1.02  1.02  1.8  0.44  0.0  0.44  0  0.44  0  0.44  0  0.44  0  0.44  0  0.44  0  0.44  0  0.44  0  0.44  0  0.44  0  0.44  0  0.44  0  0.44  0  0.44  0  0.44  0  0.44  0 //
6240 63.0  1.02  1.02  1.8  0.15  0.0  0.15  0  0.15  0  0.15  0  0.15  0  0.15  0  0.15  0  0.15  0  0.15  0  0.15  0  0.15  0  0.15  0  0.15  0  0.15  0  0.15  0  0.15  0  0.15  0 //
7280 63.0  1.02  1.02  1.8  0.00  0.0  0.00  0  0.00  0  0.00  0  0.00  0  0.00  0  0.00  0  0.00  0  0.00  0  0.00  0  0.00  0  0.00  0  0.00  0  0.00  0  0.00  0  0.00  0  0.00  0 //
8320 63.0  1.02  1.02  1.8  0.06  0.0  0.06  0  0.06  0  0.06  0  0.06  0  0.06  0  0.06  0  0.06  0  0.06  0  0.06  0  0.06  0  0.06  0  0.06  0  0.06  0  0.06  0  0.06  0  0.06  0 //
9360 63.0  1.02  1.02  1.8  0.30  0.0  0.30  0  0.30  0  0.30  0  0.30  0  0.30  0  0.30  0  0.30  0  0.30  0  0.30  0  0.30  0  0.30  0  0.30  0  0.30  0  0.30  0  0.30  0  0.30  0 //
